56574183500 6 16
56262788400 46 304
6603792713 87 301
35603244000 66 281
57208837651 2 0
15834543700 41 81
45561212700 25 54
56962712800 158 944
57194829791 14 25
57194832256 24 47
37033120500 12 7
57194338106 7 15
57208835406 1 0
25645713000 71 330
56556930600 6 12
56962760400 82 575
55898651600 37 208
8310562900 45 182
56736139100 42 255
56801854800 5 5
56366168500 10 63
24438637600 117 454
6701662321 97 652
8364896000 24 183
35085030200 30 251
57204091888 130 1197
7004587458 92 1037
6506850455 51 284
55968268400 31 289
12795171000 20 138
37023086900 24 94
8440558600 63 723
6701632372 96 732
57208837181 1 0
36471533000 47 221
6507735593 29 221
27468119200 23 92
56535291500 10 21
57208838313 1 0
57191991822 7 11
57208836090 2 0
57208838596 1 0
11839704200 34 42
6602419060 33 45
57193197615 9 16
54418412900 61 534
19337266300 81 566
27368011700 12 65
8370816500 33 118
57208836739 1 1
57200211398 9 12
57191985751 35 160
23004501100 122 667
57208835795 4 3
14420863900 52 388
57208837106 2 0
37097991900 17 90
57214302906 2 15
25646308300 33 128
15840465200 20 372
37105449600 39 249
25121019600 29 125
55513203400 38 124
56086074000 5 3
6603129760 22 219
27368019600 35 129
56545568700 9 25
6504396253 80 602
7004295571 34 123
6508030611 35 123
36141714100 14 94
57208837133 1 0
55383036600 19 103
36618431100 25 32
16311689400 7 10
57209166628 2 7
7801403507 8 181
23768343900 25 77
56440061000 10 53
7003958992 93 499
6603593630 98 668
57208837261 1 2
56378058100 17 59
57211212013 34 105
6602346907 79 890
57204253682 59 796
6506823815 8 30
57208836280 1 0
56184079300 52 532
8401286500 52 408
53163395200 90 713
56716490700 10 13
57205435788 7 3
42062220900 11 15
14626825500 56 460
35603124500 36 235
57195086774 10 8
57087140100 9 40
54383867200 34 105
57196248485 2 1
57196237326 2 1
56126798900 27 136
26421034600 42 196
16308136100 135 755
57210666604 301 2150
6507794481 26 150
6504259553 10 37
57200675637 70 394
57190032423 27 116
56167610300 8 12
57195592595 12 19
56607379300 6 7
55516034400 30 53
23100596400 59 375
57217659357 1 0
55998807500 24 107
22981576900 24 63
56348995700 9 7
57208837475 1 0
57208836235 1 0
57208835695 1 0
57208834228 1 0
25927890100 5 6
55055376300 4 41
10239237300 46 157
13103330100 83 680
8333776300 25 108
57198243905 16 33
36057208000 6 26
8418180100 10 70
7004545069 89 556
55515201600 25 79
57213002743 1 1
57194183589 3 4
56250680900 30 206
12244989900 35 92
16743439400 31 77
57189500613 6 2
56769277000 40 558
55971187900 61 206
55815412800 12 55
6602390785 127 836
37665190600 15 19
57208892131 42 98
15623674600 62 261
57213003020 2 1
57213002091 2 1
14522337400 32 45
8337338800 99 1940
57209211559 164 1320
6603456364 42 409
7003463200 108 938
56081730400 15 62
57202900015 8 23
55879245000 30 118
7004221155 136 927
7005922651 78 750
57193390649 6 17
24177344500 25 69
57211197802 7 13
57210424785 6 7
55967433100 11 114
57212870498 3 5
55812458800 6 14
55780322500 9 47
57207893444 26 176
57207901531 11 48
7004285248 227 6221
15837458300 33 79
24780000900 21 44
57203899301 6 2
55096837400 178 1050
7801563189 14 219
6603670435 55 651
24328682000 29 296
9636210500 46 639
56578506700 13 84
26431792800 20 103
57212877306 1 0
7003866271 91 1564
56697933400 52 772
57207798110 6 18
6701375926 83 1136
7004529699 132 4755
16205475900 37 290
35304651200 11 82
9332416200 106 991
7003909129 148 1093
7201653759 51 342
16243974500 4 16
57212867229 1 0
57213729873 25 155
8411237800 29 285
16667389100 38 363
56037784200 5 28
57190140307 12 21
54584905800 3 17
8297611600 12 225
19933617400 35 395
6603294086 30 283
57212876194 1 0
55508570200 73 600
55534982200 55 282
24449241000 31 127
55185468200 10 50
57200729675 9 18
57194165781 7 3
6507488156 23 121
57212878892 2 2
35319819300 46 526
6701441605 131 2295
16643555600 17 130
6602540403 46 320
57202576367 5 11
35265376500 174 2845
57200557251 168 571
37052967600 82 896
54381044400 77 335
8345692900 104 1325
56895372400 41 117
57208583574 3 6
56735538800 15 123
57195935847 7 46
55585494100 16 206
7102269604 79 907
57215427342 18 105
7003480185 87 1291
35216059100 51 240
57215437161 22 64
57213432318 1 0
16023224800 40 218
57211638971 1 0
36683794600 108 1504
7202874155 189 1076
57212878738 1 1
24340943600 28 199
6603814387 155 859
8910708000 196 2154
7102558874 84 1029
57214726064 4 2
56662735300 25 213
6602367569 75 817
55871881900 13 58
57194347851 7 11
55996411500 30 145
6701823237 54 785
57203767773 2 4
35726676900 12 59
56689456300 16 30
56689186700 33 60
26662979500 31 104
57212878896 1 0
6603347646 22 495
55858382900 5 52
55506222500 8 24
22958566000 24 214
55631714500 28 252
57189494981 12 18
57202222720 2 14
6506562017 10 235
6602128118 76 1221
54787977400 6 28
57212877402 3 6
6602572978 72 1441
56104983000 15 101
7003820012 201 6142
7007175819 126 3109
22980531000 25 48
57212872884 1 0
57214784109 32 521
7003321023 230 5939
57212880339 2 0
19338143600 33 252
57111382700 3 9
7102099832 29 296
22972223500 153 1600
36438885000 22 363
57204015344 4 3
57193099044 7 19
25637768100 10 186
56128061100 11 139
57207758674 4 4
23974026500 29 115
18437144800 31 56
24597995800 16 96
24829356800 16 4
49061075800 47 287
56955546800 9 188
57210110177 3 22
54395016100 51 508
55646315400 89 1349
57192878870 6 10
36621922700 86 752
6603326390 25 110
7004257790 196 2089
55075150200 69 1151
14832220900 182 3421
36903183800 68 1293
13005750500 31 83
56366820300 17 77
56500115200 27 111
7103344120 216 427
57191446935 40 172
35619030400 27 128
7005527969 43 156
57203514992 48 406
56896761700 12 41
6506829825 59 325
16240481900 43 133
57210048423 10 239
57202895225 16 58
57203332106 6 16
55393581100 261 2932
56276545600 31 129
36904866100 49 273
57211589645 2 1
7006325800 274 1547
35425974200 353 2341
7003578676 80 293
9741582700 24 48
55308917100 34 85
57209021035 4 2
55580697800 31 86
6507262965 76 329
7005446973 233 3687
55669104700 5 1
36661746300 15 29
7003731750 26 66
7003460374 126 824
26428511300 7 146
57211589634 1 1
57189340361 27 67
12647200000 50 416
6701766328 106 711
55397953000 108 675
14626171200 53 286
18437012100 68 1401
33767886200 88 2006
57205246979 5 2
57192383700 10 20
57211589542 2 0
35751417700 33 152
57211589426 1 3
23476801400 97 873
56377186400 26 223
24824778700 12 206
57211511552 5 4
57188697695 5 14
55947853700 38 234
6701757524 270 3382
8328158400 86 468
6507357455 60 342
22981096700 148 1308
7006719868 105 561
6507292908 12 54
12345392500 107 1520
12344920900 81 807
6602354569 45 320
55295965800 23 122
55648728100 28 166
8264277800 12 79
56045614300 23 74
57211589285 1 0
27967894300 3 11
14421180200 160 1271
56557061200 7 20
14421856500 54 583
7005704504 258 1785
6602988585 34 293
55927313200 64 337
57191248069 16 51
56394570000 110 303
55245668100 300 2454
55927745900 107 1108
56160692800 15 78
7004155062 142 2360
8293286800 42 530
57211589623 1 0
6506484583 36 276
23050854600 47 292
6506016754 52 539
55637013100 8 43
36055537300 270 2224
36151025800 29 83
26640696100 19 109
6603949789 95 1054
9639004300 15 72
57211589599 1 1
57211255459 2 1
23053260100 17 630
8640982100 48 764
16203682200 36 547
23487519500 14 115
25824309400 54 746
6701747672 105 1536
37052653700 6 22
6507872713 24 155
6507871848 66 252
57207876484 3 3
57196421669 5 20
10043519800 119 1202
56152973200 17 62
13310239300 161 2388
12142317500 356 5827
7003829295 118 1649
25825541300 45 980
7003936987 320 12527
57211589544 2 0
56066042800 66 459
7003669033 311 7882
35609592000 94 688
6603082390 69 494
55776470400 12 106
7004516122 131 1058
7801402392 32 263
15754101500 14 72
6701394411 123 648
37013905200 12 116
57211589345 1 0
56983027300 6 64
35101407500 23 125
57211589402 1 0
8331139700 91 1095
6603778853 53 1099
23397506000 26 165
24778843600 28 242
55949539700 10 80
35174611700 3 6
57195564234 2 5
6603575256 148 1246
55769748280 599 12691
57195919761 14 229
57200440823 11 88
57211589537 3 13
36450796300 210 5580
35615823600 94 1334
6603861380 22 70
6506130389 32 86
56891569000 6 6
56149593100 21 35
56020209400 24 136
56524778800 133 1260
56009617200 15 31
6603281715 19 199
7006169807 213 2725
17434674900 26 158
57217680709 9 4
6506822578 44 142
57189326266 14 29
55207389100 9 36
55890420000 5 3
55715375800 34 226
56122678300 18 395
57196464651 1 0
8401131200 25 308
57202950193 6 13
55718422800 44 934
7801537416 56 108
24483588900 52 282
57211582798 1 0
14619233800 57 115
6603686789 72 184
7005871338 318 1468
56094835900 18 31
55448298700 32 83
7004809215 205 712
55240376100 17 157
57211581158 5 3
36142795000 17 155
36661124200 23 279
56545535000 19 87
57211579679 4 11
57211574593 1 6
56091204900 12 141
8687595100 91 965
57211584710 2 0
25625504000 38 341
57206213891 5 3
6602235263 28 51
57210396468 30 350
6603986920 128 2048
55907440200 8 28
57189304764 7 21
7004058456 114 490
7102499076 584 7452
56216545300 84 696
54394702800 10 57
57193279351 9 12
57208840365 2 5
57195672382 22 115
57211588111 1 0
57211542996 5 4
22941809300 52 163
57211515477 4 4
57209469533 2 0
22941822500 66 508
57213533071 2 1
22940500600 37 150
57209101285 3 7
57209100348 3 7
28568050500 19 100
57070754500 607 9876
9247772300 24 79
17435378600 31 89
7801522415 8 26
6507974706 26 33
57211581957 1 0
57211577921 1 0
8246773000 33 140
8204891300 30 157
57211276360 7 1
57193544248 36 27
8043147000 50 118
7003871495 176 3350
57211582894 1 0
34968799000 12 67
55922974900 28 184
56713519000 6 11
6603828521 98 675
7003589197 149 972
9639348100 97 683
8071982500 135 3102
6602712936 26 260
48361158400 4 13
55815512000 9 89
57023856500 5 14
57211575579 1 1
57211584384 1 1
57212959822 1 1
6701392116 56 862
7004054015 96 675
7005627477 67 378
36993511600 30 161
7004605977 255 4087
55969890200 66 450
12344915200 147 2141
6603734952 72 544
55831596200 22 142
57055457600 12 31
38560963100 75 1062
6602856303 137 1520
57194343383 9 45
56567831000 40 473
8042988700 48 160
7006624872 73 1103
57190276580 15 45
36476658600 160 2157
56066413600 42 201
57213261858 12 57
57211580797 2 5
57213901996 2 3
56809415500 11 36
36088757600 22 64
23766693000 39 129
55914365800 65 419
26024806000 21 45
55968668500 21 99
57199274416 3 1
56695221900 4 3
56865607000 3 1
6508313166 27 312
57211232207 2 0
37049806400 7 79
6504314749 6 24
57196371952 2 25
8860346300 54 760
11839806700 33 593
18038800300 32 131
35117419600 13 95
57205184484 7 5
55878971300 47 148
8524310100 54 169
57194040535 4 9
55622199000 28 86
25935770700 40 163
50061495700 41 118
55988118100 23 57
7102208156 271 2122
7005664759 85 1524
56310945400 8 29
57210359145 6 8
7101628584 247 2023
7004823820 179 1218
35573748100 160 1212
12754307200 154 2260
57209424384 6 7
7201850127 223 5383
57197019930 615 7693
12765314500 27 147
22979082800 14 50
56901082000 7 6
57188681004 6 30
54581832800 7 5
22635403900 13 24
35306076100 74 445
57190606106 5 7
57211612653 2 4
57194196260 7 42
57211588279 2 0
56216857000 166 1056
36930091600 41 294
57211582681 1 0
55638473000 4 2
57201585452 5 6
6602865138 119 1473
57201588001 3 3
6603905767 72 846
6701829649 13 95
7007183441 120 2947
7004135545 128 1652
57205078430 12 30
55014207900 65 403
57211580560 11 3
7801557305 110 1273
13605082600 42 542
36129037200 33 222
56213236900 238 3170
6602630091 60 251
57201981466 4 1
55316578200 14 61
56136701400 23 47
6602597772 57 247
56660384500 10 13
37666082900 25 211
57189053509 7 8
7004631866 90 294
13204872400 25 67
7005978911 168 2133
7404904103 147 2787
6603367655 40 136
57077720200 29 142
56669417400 12 19
57202468878 8 9
6603541103 46 989
8540619100 48 718
57211584064 2 0
7103283349 99 1173
25625174700 25 356
7003831093 112 2815
56253084500 99 2834
56529632300 12 30
22979457200 21 84
6507909581 40 150
6602880890 25 101
7004178628 42 201
22995638300 762 11086
57213061900 4 3
57211577665 1 1
6507530013 5 18
7006493408 14 23
12040282200 143 777
57219050942 58 190
54586279500 20 104
57211581483 5 0
55509758300 67 749
36667975000 16 198
57205183002 4 1
55389321500 7 9
7101811462 191 2506
57214227186 44 122
24457570400 682 6385
6603910269 139 2201
56072498600 13 35
57191927435 16 125
22972412700 26 273
24466388300 51 2850
6603943640 115 1446
56233623400 12 100
7003454765 154 1634
7004460369 142 1435
7004353196 40 233
8379276400 117 1452
24290920100 12 66
57189045015 9 38
25628095600 57 1587
26530634400 28 421
57203090873 1168 59685
55252500400 1256 60408
7006146512 406 11164
7004475766 104 983
35305194100 55 1034
55583483800 20 200
56052727100 76 1989
35558265700 31 207
7004555435 139 2245
7004240089 188 1995
57201879121 5 5
56592527900 34 242
6603675266 147 969
24174229700 27 377
57203064937 6 30
57209460296 4 2
6506095134 63 371
55214189500 52 914
8720488500 21 81
26030095000 81 1155
56878868300 49 260
22950898100 498 4557
57211498992 2 1
57210217637 3 2
35366127100 45 170
57211580027 1 5
26435581200 28 297
23090308000 19 43
57193064963 4 11
57193423652 14 4
55897413500 51 476
57211579781 1 0
24333119100 101 612
56112918800 26 99
56290152600 31 142
24337997900 53 349
57209780037 3 2
57199648847 5 8
6701328029 217 2258
25630472500 11 144
57211587902 1 0
57211584093 2 1
12544978600 96 962
7003510366 156 5707
6602824544 107 642
56901461500 11 40
36646765900 30 190
7005673654 387 4727
57212860235 9 8
57215789604 128 845
55458198200 19 173
55734763400 14 54
57210696822 1 0
57210784852 5 8
57214354360 1 0
55647710600 7 42
34769651100 140 840
57195320359 11 17
35182525200 27 53
43861695200 34 96
36988080300 30 55
56519645500 9 24
56274612600 2 0
35193514100 25 110
57210580587 3 2
56986200000 2 4
55699991900 5 1
25631564700 9 125
7403162896 35 175
56757648000 30 253
6507347451 54 256
57195536511 6 2
56797365600 23 76
57211920442 7 2
55993126200 102 262
26643308500 165 3549
57194034206 18 29
9234158400 92 2913
57200304983 9 20
57210644850 3 3
57208320711 2 1
13402940800 79 1242
57210644589 3 0
57210641978 3 0
57192256339 5 6
57210643758 1 1
57210647538 1 1
7007162323 29 188
57210636979 3 1
57111921900 9 10
23088787400 21 146
26643969700 49 341
55083700600 29 144
56964208700 5 18
57194671417 63 476
14019752200 13 50
57210639081 2 0
56962706700 76 613
7102181602 13 139
57193737897 15 27
57210645380 1 0
36166704000 12 66
57210646276 1 1
7004483704 53 509
57210643611 1 1
57193676354 18 67
55546858300 44 283
57206591839 7 3
55601306800 6 24
6602739519 16 272
55825487000 10 36
6603170883 21 64
7003714180 50 62
57197833261 7 16
57202852733 5 20
57031729500 9 36
6506254138 25 322
55770679700 7 11
57210638044 2 0
57208061398 9 2
38761349600 10 39
57197327711 48 431
57210638860 1 0
56180494600 10 104
56103535000 10 11
56962706800 18 104
57202135983 4 12
57209014186 27 350
37012787000 10 8
57210906123 1 1
57203156922 3 2
57210633915 1 1
25646736100 34 245
25646833300 39 144
57190493122 4 59
16040337700 93 611
57210640951 1 0
57210633798 1 0
6602571193 32 220
57210640072 1 1
22233868100 13 34
6602953583 37 308
57210636479 1 0
57210638513 4 8
55827173800 12 147
57202504852 10 34
6602119089 88 1620
57204551489 4 0
56150550400 17 29
57210643341 1 0
55560911500 6 41
56083361400 20 22
55256584600 11 34
57210647074 1 0
24491539500 18 174
57210641956 1 0
55894721000 8 35
57190742107 3 0
56905343100 5 3
57095011200 7 16
57191362195 15 8
6506588546 42 351
6506899840 67 462
55548997100 17 14
57189241140 4 3
35177112800 38 485
6602103409 181 2173
14525231700 66 2050
7102424614 357 3259
8377576300 16 929
35261799500 18 95
57210644269 1 0
56825751300 4 1
57210645441 1 1
57192061823 5 15
57210647621 1 0
57210634288 1 0
55963966200 13 24
55963362000 18 41
16834879100 14 45
57194046068 5 17
16174591100 13 165
26655262600 59 634
6507340090 43 634
57210637583 1 0
57210641058 1 0
55794476700 10 98
57204706446 5 2
57191220968 15 11
57189842711 6 1
56472637600 26 40
26434334900 19 51
57204182462 2 0
15756134100 11 31
57204710777 2 1
35811895800 36 329
57210646375 1 1
57191964009 9 33
15035550200 2 4
57200676800 10 1
56066436700 30 170
57195637441 7 13
7004490458 23 264
12243912400 30 479
57210144466 1 1
55713215900 19 247
57210644899 3 1
57207121314 6 10
57207116847 3 9
8215054300 79 679
57210673714 1 0
55960859600 21 62
57194686907 21 189
57194423770 23 207
57196117858 12 7
57193486685 18 158
14618976400 19 248
36084019200 15 94
35344818800 3 43
57203262328 3 0
27667559000 16 51
47660991200 8 21
56080782100 5 9
6507404389 7 63
55886561800 22 162
21234157800 15 111
56465051000 9 65
57210644507 1 1
6701681046 54 338
57210642305 1 0
6508238042 16 34
9742707700 8 114
57192296692 10 87
7007105619 124 4547
56583783200 36 153
17435617000 28 170
57210635970 2 1
55982816900 5 2
56662792300 3 1
36518353700 11 44
57210646875 1 0
6701476553 84 445
8618698500 94 463
55907576500 13 40
57210635257 1 0
35726097200 2 1
7006474615 11 101
55183968900 5 35
55307760000 16 222
7005956635 733 19300
37073674700 4 0
57210635980 2 0
57210644225 1 0
55076941000 206 3094
54795960100 105 2221
35809825800 37 332
56460579600 347 7834
57204631527 8 59
56567030800 3 89
55723528200 260 4161
57210637262 1 0
57197197933 8 183
55434060400 29 193
16205567500 65 324
55940675900 62 601
8862745800 77 588
56029101700 2 4
6602837481 23 307
57038306000 14 84
6603693434 97 967
57210647149 1 0
24173259000 9 20
36934064700 16 85
57188643898 22 106
6506896506 61 277
57210639101 2 0
56018490300 2 4
57210641881 1 1
6507062348 40 243
6506983665 53 428
6506371422 36 228
56028264600 13 45
13410280200 93 725
56083281100 1 0
56962707000 6 25
57207358890 2 0
57217377171 1 1
35261870700 18 13
36718035200 21 169
57210636073 1 1
56054985600 38 500
57205446076 6 32
57209058801 20 109
55353177400 18 339
7004537896 83 785
27467615400 16 75
57216197014 1 4
55322946100 40 578
57210639752 1 4
55821991800 10 28
57193136032 27 284
57200961298 3 13
54884441900 14 10
57210634105 1 1
57210638517 1 1
23004495300 11 21
57210641061 1 0
25936186400 8 7
55232926000 4 13
23570269200 78 479
6506008886 82 376
14632196400 44 62
14632040600 37 64
57213957012 1 5
57210638431 1 5
7003266301 98 604
54884169500 26 122
57194092026 6 11
55815884000 9 49
57196454417 2 2
57196454956 2 2
55816087700 17 64
15045317600 28 436
23972644700 36 537
57205423126 2 0
57201852220 2 2
35194760100 37 138
55319956200 18 34
57210709982 3 0
7006378074 71 284
57214415031 2 1
56084698400 39 930
57202020174 3 1
6508037187 39 357
57200229673 5 27
6602441552 18 111
6602455735 56 816
39461439500 8 10
57195771188 5 2
57210636566 2 0
36561380700 49 165
7006066345 54 182
24081814200 114 871
16238505100 98 840
56226949400 29 93
6603734159 65 549
6504339357 9 20
57204784517 2 1
56769912700 6 7
7004790552 36 159
7005415507 85 523
37023535300 141 496
7004009987 227 834
57210634395 2 3
57214606541 12 37
6603927045 97 852
7006127084 63 109
57191293602 20 20
39061173900 16 50
55812506800 11 4
7101760546 77 161
35560862000 263 1442
15071339100 26 104
55925821400 36 116
36830942400 19 29
11739097900 27 36
55760366300 51 271
56642491600 5 5
36676005400 35 225
8878092100 13 53
57191191009 4 3
57214523105 1 0
57210637126 1 0
57210637808 1 0
57208380559 11 1
56454075600 14 70
18038495300 20 24
57194222899 2 0
25026970800 27 124
57191995528 10 21
6603345401 95 1338
57197751838 2 4
6701367318 161 2857
7004295091 6 58
7003803919 145 2702
57210646479 1 0
57190431518 23 85
57204708737 2 2
57133077900 24 123
57210644425 2 3
24172075400 53 1009
15754585300 28 99
35770599300 16 37
7005703988 18 53
7004159753 53 383
16188928000 14 90
25960672900 5 79
25822610400 21 34
57210647643 1 2
6505755128 25 271
55817553029 24 120
57210636085 1 0
57210647012 1 0
8948386100 57 1611
57195484848 4 6
6603368224 157 3000
57195483220 2 4
57210640896 2 1
57210644905 3 1
57210646343 1 1
57210636056 2 1
8886961900 52 511
57197859010 4 7
8537022100 36 396
23488228600 64 362
14044550700 12 124
6603362318 63 830
57204755449 4 5
57210644084 1 3
6506844536 34 717
57188749289 3 2
8711276800 26 168
7202329375 104 1917
56431766800 20 17
57205077631 4 0
36807014700 49 581
12797373800 136 794
6603890996 192 2297
6602973919 19 201
8549879300 9 33
24080029800 129 929
25930299500 27 43
35177490700 40 144
57191513765 19 37
7005410905 285 3840
55210091300 4 6
35876676900 98 638
26026019100 56 579
56972302700 97 1669
55722758400 162 2041
57188926096 4 4
35254272800 23 176
36726805500 12 60
55992457300 42 695
56281570400 7 41
6602399971 58 1092
56205324900 5 3
55174031100 15 55
8626797800 4 26
6506652588 19 117
54080618800 7 52
56228790000 42 506
56440589300 94 871
56306546400 10 14
15076625200 73 655
35485693200 33 139
57207996541 2 2
57000330900 41 441
57200897175 8 90
57204710082 2 1
39862576000 16 102
55546252600 5 33
57210643428 1 0
57210637768 1 0
57210751863 1 0
57210646909 1 0
17233745300 17 84
57210633952 1 0
57210603595 1 0
56188249000 28 251
57090954800 5 15
6603047095 42 472
57175502600 22 175
57197320263 16 109
56506329400 33 654
6507891024 24 402
7102845183 91 1497
34876755500 41 234
23007337300 15 106
57199380483 179 802
56262718800 40 115
55620539200 6 4
57210596169 1 1
57210598137 2 1
57210598926 2 1
7006704987 43 152
6603347161 79 136
26664658400 15 38
57194779579 6 16
57208044124 949 55935
6508051559 20 82
13105387300 52 384
56422473500 11 65
56584411100 6 28
56373201900 15 157
6603075866 32 371
57216021995 30 254
6603063049 65 957
57192160416 3 5
35199480900 49 380
57192159138 3 5
56190836600 86 708
57195102537 26 115
56191417700 50 525
56190264100 46 374
55971513800 73 656
55256299000 47 315
55736946800 102 779
57195105032 21 79
57196222030 11 63
57183998800 14 74
57216215706 1 2
55741015900 89 917
54383307200 4 19
57112747600 3 5
36896082400 23 146
6602973869 50 536
35995649300 87 520
57210605593 2 0
57190217223 39 612
25221591000 112 2032
57198298126 5 11
57194023982 6 63
57208104901 2 1
7102819623 36 136
7003375042 113 786
57193991418 16 16
6504495607 6 26
57189301085 2 2
7007026941 293 4386
24475535000 52 461
57208100540 1 0
49664148800 27 316
7004416503 182 3080
57189221484 7 9
57189227187 7 9
7005535875 48 205
7003756383 46 195
6507161574 28 77
57191289744 2 0
55915117300 13 51
24179256600 44 958
57188590344 4 3
57206854948 3 0
7005573426 44 400
55919374100 13 58
11141402600 24 78
15822647700 19 80
6507763265 27 310
6602335558 42 188
36793228400 134 799
6701769414 157 1329
7004357015 135 1378
57208140504 58 367
36048057100 529 5862
54683970900 7 10
6602989610 56 263
6507780440 13 120
6701861251 101 584
6507852480 47 320
25633962100 47 308
56240923700 46 397
6701410854 98 1324
7004130243 124 1128
57208105794 1 1
57192919704 8 77
57189035966 3 5
7005480299 151 856
